133,35
3,2
3,1
3,3
10,20
10,164
10,152
10,144
10,194
10,248
10,210
10,238
11,4
11,8
9,4
9,6
9,2
9,3
110,5
110,4
110,3
110,2
8,5
110,1
8,7
8,12
110,0
8,2
106,5
106,4
106,3
106,2
8,3
106,1
106,0
0,514
104,3
104,2
104,1
104,0
103,4
103,3
103,2
103,1
103,0
102,5
102,4
102,3
102,2
102,1
102,0
99,4
99,3
99,2
99,1
99,0
97,3
97,2
97,1
97,0
96,5
96,4
96,3
96,2
96,1
96,0
95,5
95,4
95,3
95,2
95,1
95,0
94,5
94,4
94,3
94,2
94,1
94,0
93,4
93,3
93,2
93,1
93,0
92,5
92,4
92,3
92,2
92,1
92,0
91,4
91,1
74,3
74,1
42,3
42,1
20,3
20,2
20,1
19,3
19,2
19,1
14,5
12,3
12,2
12,1
11,27
11,26
11,25
11,24
11,23
11,22
11,21
11,20
11,19
11,18
11,17
11,16
11,15
11,14
11,13
11,12
11,11
11,10
11,9
